800.0 400.0
797.8087581473094 441.8113853070614
791.2590402935223 483.16467632710373
780.4226065180615 523.6067977499789
765.4181830570403 562.6946572303201
746.4101615137755 600.0
723.606797749979 635.1141009169893
697.2579301909577 667.6522425435433
667.6522425435433 697.2579301909577
635.1141009169893 723.606797749979
600.0 746.4101615137754
562.6946572303201 765.4181830570403
523.606797749979 780.4226065180615
483.1646763271038 791.2590402935223
441.8113853070614 797.8087581473094
400.0 800.0
358.1886146929386 797.8087581473094
316.83532367289627 791.2590402935223
276.3932022500211 780.4226065180615
237.3053427696799 765.4181830570403
200.00000000000009 746.4101615137755
164.8858990830108 723.606797749979
132.3477574564567 697.2579301909577
102.74206980904233 667.6522425435434
76.39320225002109 635.1141009169893
53.589838486224494 600.0
34.58181694295968 562.6946572303202
19.5773934819386 523.606797749979
8.740959706477724 483.16467632710373
2.1912418526906663 441.81138530706147
0.0 400.00000000000006
2.1912418526906663 358.1886146929386
8.740959706477781 316.8353236728962
19.577393481938543 276.3932022500211
34.58181694295968 237.30534276967992
53.58983848622455 199.99999999999994
76.39320225002103 164.8858990830108
102.74206980904228 132.3477574564567
132.34775745645675 102.74206980904228
164.8858990830107 76.39320225002109
199.99999999999983 53.589838486224664
237.30534276967995 34.58181694295962
276.393202250021 19.5773934819386
316.8353236728961 8.740959706477781
358.18861469293864 2.1912418526906663
399.99999999999994 0.0
441.8113853070612 2.1912418526906663
483.1646763271038 8.740959706477781
523.6067977499789 19.577393481938543
562.6946572303199 34.58181694295956
600.0 53.58983848622455
635.1141009169892 76.39320225002098
667.6522425435431 102.74206980904216
697.2579301909577 132.34775745645675
723.6067977499789 164.88589908301066
746.4101615137754 199.99999999999983
765.4181830570403 237.30534276967995
780.4226065180615 276.3932022500209
791.2590402935223 316.83532367289604
797.8087581473094 358.18861469293864
