49628.6111 6278.0556
49683.3333 5950.0000
49750.0000 6200.0000
49606.9444 6325.8333
49761.6667 6188.8889
49763.8889 5857.2222
49833.8889 6007.5000
49835.8333 6291.6667
50119.1667 6083.3333
49833.3333 6183.3333
49629.1667 6267.5000
49531.1111 5847.2222
49702.5000 6043.3333
50040.8333 6017.5000
49973.0556 6091.6667
49823.0556 5888.3333
49759.1667 6041.1111
49883.0556 6098.8889
49887.7778 5816.3889
49900.8333 5858.6111
49691.9444 6002.2222
49605.8333 6258.8889
50107.2222 6007.7778
49933.3333 6216.6667
49707.2222 6253.0556
49833.3333 6016.6667
49974.7222 6054.1667
49565.8333 5886.6667
49600.0000 6150.0000
49766.6667 5866.6667
49900.8333 6037.2222
49887.7778 5816.3889
49855.5556 6047.2222
49859.4444 5851.1111
49749.7222 6083.0556
49938.6111 6156.1111
49758.0556 6478.6111
49836.1111 5789.1667
49921.6667 5968.3333
49787.5000 6069.4444
50093.6111 5956.6667
49544.4444 6327.5000
49511.1111 5873.8889
49599.7222 6387.7778
49594.4444 6150.0000
49765.5556 5890.8333
49525.0000 6042.2222
49645.0000 5990.8333
49762.5000 6241.3889
49807.2222 5791.6667
50036.1111 6071.3889
49533.0556 5988.3333
50012.2222 6052.7778
49967.2222 6167.7778
49525.0000 5837.5000
49646.3889 5916.3889
49868.6111 6267.7778
49641.9444 6239.4444
49746.1111 6465.0000
49616.6667 6266.6667
49506.6667 6150.5556
49775.0000 6360.5556
49921.1111 6038.3333
49520.8333 6186.6667
49888.8889 5978.8889
49620.8333 6121.6667
49827.2222 5935.8333
50012.2222 6052.7778
50140.5556 6023.8889
49950.0000 6066.6667
49575.8333 5983.8889
49620.5556 6268.6111
49723.6111 6342.5000
49916.6667 6000.0000
49505.0000 6281.1111
49658.3333 6137.2222
49650.8333 6235.0000
49619.4444 6240.0000
50046.3889 5934.1667
49545.0000 6366.9444
49544.4444 6137.7778
49981.6667 5906.1111
49460.8333 6033.0556
49687.2222 6143.6111
49673.3333 6400.8333
49697.2222 6170.5556
49584.1667 6173.6111
49656.9444 6233.6111
49779.7222 5809.4444
49696.1111 5920.2778
50012.7778 6091.3889
50001.6667 6145.5556
49717.5000 6120.2778
49741.9444 6018.6111
49558.3333 5880.5556
49770.8333 6304.1667
49529.4444 6010.8333
49696.1111 6481.3889
49616.6667 6216.6667
50010.5556 6026.6667
